-0.711290338749
-0.581799858042
0.353209597846
-0.557120001469
1.27417746278
-0.29565279037
-0.648185846397
0.438725444912
-0.979236172902
0.255922021579
-0.015262631727
-0.565152892319
1.36923812859
0.314634956581
0.135225994442
0.525077893686
-0.623410095367
-0.126858368672
-0.752502859993
-0.173083453256
-0.882371840236
1.9909540198
0.526826345798
0.63168327302
-0.404497535432
-0.244106596844
-0.397960195648
-0.750475822222
2.56243835357
-0.427150302796
-0.614987304435
1.640169662
-2.26997087883
-0.00292505494106
0.820398516324
0.850607944587
0.636104917772
0.510151623961
0.0329215333426
-0.134643646437
-0.727985672355
-0.848249396746
0.906256284476
0.203166057658
-0.280114956805
0.608157119916
-0.467378297228
0.0276861216629
0.0918533403789
0.087252904655
0.00418488049495
0.879353658405
1.12897635743
-1.68806423249
1.08619997365
0.569560038545
-0.131669093736
1.76623361631
-0.160951231634
-0.398553603396
-1.29495648984
-0.0647257450769
-0.999078093298
-0.109248269713
-0.634699427327
-0.272513390567
-0.481799090743
1.34299516727
-0.727954048739
-0.686305820073
0.0167568470153
-0.507687955795
-1.3719351831
0.512781357626
-0.304880123226
1.24600958158
-0.638647125989
0.113961213649
-0.378288374994
-0.0224133517367
1.48735940553
0.982236606089
0.324299634693
1.22485589781
-0.254618646593
-0.408340335578
-0.640568294689
-1.50639277252
-0.234057925847
0.63109659345
0.0952554462903
0.153681722833
-1.02789767152
-1.11477790781
1.26752313827
0.352134228378
-0.00102844610208
-0.113426209463
-0.387949021257
-1.16765650781
-0.147313409953
0.554646551144
0.434697444341
0.413749928469
-0.482415752042
0.683190877722
-0.614215423953
0.689959478858
-1.55209033769
0.0382639492398
0.864646991588
-0.867650806897
0.357258850428
-0.00418643297736
-0.26301382936
1.28344326934
0.416930371375
0.499605348432
0.445265728431
-0.401131937743
-0.159514629282
-0.919628554946
0.824103962241
-0.255361151138
-0.593421244535
-0.540203299853
-0.927358215851
-0.66763664915
0.0185056618897
0.795887416728
0.329508357524
1.49673709839
0.268808649413
0.886333691624
0.473223297967
1.481389154
-0.243129132705
1.44150255256
-0.0812129871476
-0.322939642743
1.00933527003
0.905004910064
0.00700711978236
-0.301214924622
0.102289579965
-0.093286047235
-0.236986666524
0.787350689318
0.113397225714
0.0246072165195
0.0468007399268
-0.0563820367265
-0.957602810288
0.252947123033
-0.642463351102
-0.906715122919
-0.0855216250629
0.405713549185
0.92726977235
0.326001937325
0.162683663835
-0.158789306087
0.797869123811
-0.368163183603
0.426172629828
0.16324694249
-0.142386834257
-0.43098762799
1.08449284765
-0.319898610876
-0.635511630999
-0.056471737336
1.18327368293
1.09305949897
-0.232859506889
-0.129959198969
1.29816575618
0.653092099784
1.07148591594
-0.203473519721
-0.72998929801
0.235368576408
-0.629015963245
0.960088926365
0.488247319332
0.880837726481
-2.05729803212
0.559268503389
-0.138856153131
-0.153498442466
0.647183268987
-0.216824805721
-0.726463489349
2.0764253143
0.936692610796
-0.426432049963
0.254685553584
0.0109458639415
0.330380407382
-0.470903252733
