-0.667404
0.803123
0.357970
0.176255
0.556725
0.462865
-1.337869
0.392647
1.129469
0.778498
0.770124
-0.983546
-0.717949
0.191801
0.582180
0.909061
-0.329284
0.171277
0.864258
-0.114782
0.570800
-0.287365
-1.083743
-0.239978
-0.105463
1.135909
-1.857757
-0.130698
0.285550
0.497593
0.305898
1.026028
-0.705524
0.270594
-0.839698
-0.528961
-0.016277
-0.194897
0.244357
0.599366
-0.811049
0.221408
0.057345
-0.232497
-0.461453
1.017034
-0.612256
-1.973994
-0.203178
1.212049
0.636402
-0.741336
1.570483
1.176550
-0.437730
-0.608742
0.522461
-1.472634
-0.788579
1.329450
0.087963
0.132341
-0.270703
-0.370391
1.002400
-0.478122
-0.128660
-0.131493
0.144539
1.513893
0.377760
-0.045326
-1.220713
0.215029
0.936867
0.002713
-0.975418
0.252263
-1.316188
0.837936
-0.566005
-0.770387
1.134428
-0.965674
0.971153
1.208033
-0.102448
-0.648252
0.783313
-0.639969
-0.244767
-0.949323
-0.427561
0.344581
-0.452766
0.931034
0.188194
-1.194322
0.130851
-0.013484
-0.550448
-0.180056
-1.750507
0.755963
-1.103125
-0.452233
0.454089
0.019548
-0.608561
-0.009782
-0.472292
-0.636514
0.045465
-0.655043
0.963699
0.090944
0.191951
-0.532566
0.232804
0.657413
0.207494
1.569310
0.256949
0.337627
0.381788
-0.136648
0.565387
0.076409
-1.837400
1.049810
-0.523677
-0.572485
-0.528516
-0.791534
0.382659
-1.672155
-1.294215
0.058303
-0.754889
0.613412
0.391679
0.025772
-0.034781
-0.021216
1.257283
-0.316526
1.061987
-0.042006
0.136783
-0.813340
-1.362559
0.330864
0.160938
-0.307467
1.092098
-0.260053
-1.004261
-0.952347
-0.273954
0.544377
-0.709352
-1.274041
0.129585
-0.880912
-0.351634
-0.566422
0.915148
-0.529237
0.155066
-0.572376
-0.462333
-0.232319
0.033696
0.342149
0.282373
-0.462010
0.675661
-0.580672
0.147899
0.032926
0.233511
0.178569
-0.312418
-0.114380
-0.281441
2.287861
1.453307
0.517803
0.333841
0.072846
1.271847
0.224090
0.235737
0.421951
-0.300922
0.488586
-0.317953
-0.926424
-0.309966
1.018473
